945360
33900
48190
311560
361420
284160
620980
346010
250900
49520
311210
10180
10190
645630
1190000
1088770
255710
228200
4560
9340
20540
231430
440900
1091500
597730
1274570
315460
1637320
219740
322330
442070
1245620
306130
298630
22380
298110
939960
224760
242760
1785150
1134100
285900
4000
265930
431240
12100
12210
12120
12110
206190
976730
1064220
1064221
1064270
1064271
1064272
1064273
863550
477160
375820
304430
225540
517630
220200
920210
48000
335670
221260
424840
40990
360430
313080
287700
286690
1520370
675010
1222680
388880
457140
2291760
239030
356570
218620
621060
118200
787040
1521580
739630
367450
233450
648800
632360
252950
387990
218680
8930
289070
646570
1326470
32470
1172380
32370
208580
6000
211820
413150
313120
497180
673750
233720
63500
105600
518790
1546670
2383430
1146830
695680
1843410
1011280
1931910
1316840
894600
766870
1028270
706150
619790
1433620
1070170
630940
325610
34030
386940
892970
350080
22000
233840
70600
327030
244210
990080
292030
1548850
493520